
-------------- Model input ----------------------------------

Parameter Study, a start:

0.05

Parameter Study, a end:

0.05

Parameter Study, b start:

0.025

Parameter Study, b end:

0.025

Parameter Study, parameter step:

1

Coordinates:

[[ 0.          0.        ]
 [ 0.175       0.        ]
 [ 0.175       0.02      ]
 [ 0.225       0.02      ]
 [ 0.225       0.        ]
 [ 0.4         0.        ]
 [ 0.4         0.15      ]
 [ 0.225       0.15      ]
 [ 0.225       0.13      ]
 [ 0.175       0.13      ]
 [ 0.175       0.15      ]
 [ 0.          0.15      ]
 [ 0.0175      0.        ]
 [ 0.035       0.        ]
 [ 0.0525      0.        ]
 [ 0.07        0.        ]
 [ 0.0875      0.        ]
 [ 0.105       0.        ]
 [ 0.1225      0.        ]
 [ 0.14        0.        ]
 [ 0.1575      0.        ]
 [ 0.175       0.01      ]
 [ 0.1875      0.02      ]
 [ 0.2         0.02      ]
 [ 0.2125      0.02      ]
 [ 0.225       0.01      ]
 [ 0.2425      0.        ]
 [ 0.26        0.        ]
 [ 0.2775      0.        ]
 [ 0.295       0.        ]
 [ 0.3125      0.        ]
 [ 0.33        0.        ]
 [ 0.3475      0.        ]
 [ 0.365       0.        ]
 [ 0.3825      0.        ]
 [ 0.4         0.01875   ]
 [ 0.4         0.0375    ]
 [ 0.4         0.05625   ]
 [ 0.4         0.075     ]
 [ 0.4         0.09375   ]
 [ 0.4         0.1125    ]
 [ 0.4         0.13125   ]
 [ 0.3825      0.15      ]
 [ 0.365       0.15      ]
 [ 0.3475      0.15      ]
 [ 0.33        0.15      ]
 [ 0.3125      0.15      ]
 [ 0.295       0.15      ]
 [ 0.2775      0.15      ]
 [ 0.26        0.15      ]
 [ 0.2425      0.15      ]
 [ 0.225       0.14      ]
 [ 0.2125      0.13      ]
 [ 0.2         0.13      ]
 [ 0.1875      0.13      ]
 [ 0.175       0.14      ]
 [ 0.1575      0.15      ]
 [ 0.14        0.15      ]
 [ 0.1225      0.15      ]
 [ 0.105       0.15      ]
 [ 0.0875      0.15      ]
 [ 0.07        0.15      ]
 [ 0.0525      0.15      ]
 [ 0.035       0.15      ]
 [ 0.0175      0.15      ]
 [ 0.          0.13125   ]
 [ 0.          0.1125    ]
 [ 0.          0.09375   ]
 [ 0.          0.075     ]
 [ 0.          0.05625   ]
 [ 0.          0.0375    ]
 [ 0.          0.01875   ]
 [ 0.12551638  0.08094187]
 [ 0.2775041   0.07771845]
 [ 0.21895551  0.07452743]
 [ 0.17131606  0.06805652]
 [ 0.33911911  0.08986759]
 [ 0.05848331  0.09057992]
 [ 0.24594641  0.09898555]
 [ 0.14538158  0.04231793]
 [ 0.19327813  0.10293813]
 [ 0.16245025  0.09924555]
 [ 0.08386793  0.0453053 ]
 [ 0.31010821  0.0448401 ]
 [ 0.20101611  0.05175138]
 [ 0.36233213  0.03894366]
 [ 0.03776119  0.03635869]
 [ 0.09952586  0.1096867 ]
 [ 0.30260594  0.10634891]
 [ 0.22336938  0.09947615]
 [ 0.27923526  0.0350753 ]
 [ 0.22216668  0.04874068]
 [ 0.13141027  0.11995384]
 [ 0.36743496  0.11607931]
 [ 0.03329465  0.11668915]
 [ 0.17480785  0.04360811]
 [ 0.24650122  0.07228323]
 [ 0.27447928  0.12245621]
 [ 0.19403545  0.07548886]
 [ 0.24727161  0.02996525]
 [ 0.11465983  0.02483001]
 [ 0.24636103  0.12720429]
 [ 0.03178023  0.07131844]
 [ 0.36996569  0.07147543]
 [ 0.09611487  0.07918746]
 [ 0.30985962  0.07591683]
 [ 0.33468713  0.1244064 ]
 [ 0.07111377  0.11950221]
 [ 0.15254616  0.12412807]
 [ 0.17756208  0.11011715]
 [ 0.14907428  0.07608448]
 [ 0.15871247  0.03499397]
 [ 0.177681    0.081574  ]
 [ 0.32941084  0.03278115]
 [ 0.07335024  0.02782991]
 [ 0.06478037  0.06057087]
 [ 0.33807917  0.06751845]
 [ 0.23365467  0.06000179]
 [ 0.23342741  0.08665809]
 [ 0.29798133  0.02679053]
 [ 0.13511576  0.09352237]
 [ 0.20523392  0.11196366]
 [ 0.23468247  0.11161545]
 [ 0.27052007  0.09613512]
 [ 0.21242677  0.08899104]
 [ 0.03123162  0.01767524]
 [ 0.15969028  0.05150634]
 [ 0.28742265  0.05219264]
 [ 0.21081432  0.0595501 ]
 [ 0.21088715  0.0399815 ]
 [ 0.27029676  0.05468195]
 [ 0.1452475   0.0257081 ]
 [ 0.23307237  0.03627655]
 [ 0.15906233  0.13577258]
 [ 0.11354381  0.12407494]
 [ 0.24022343  0.13584631]
 [ 0.11216412  0.09415325]
 [ 0.29180603  0.13588056]
 [ 0.14599859  0.06053626]
 [ 0.02534936  0.09772355]
 [ 0.37491965  0.09750403]
 [ 0.24126674  0.0133182 ]
 [ 0.02273274  0.0518575 ]
 [ 0.37796834  0.05279121]
 [ 0.09187812  0.12558194]
 [ 0.18861018  0.0574033 ]
 [ 0.2836895   0.09264191]
 [ 0.26977177  0.01789833]
 [ 0.1657223   0.01715769]
 [ 0.21418844  0.12054713]
 [ 0.31976588  0.12229365]
 [ 0.2591261   0.08564893]
 [ 0.0811924   0.09883564]
 [ 0.32012672  0.091076  ]
 [ 0.37439364  0.13053974]
 [ 0.02608831  0.13099848]
 [ 0.16751457  0.11547599]
 [ 0.04581273  0.01935934]
 [ 0.34996268  0.02225917]
 [ 0.35270456  0.12667318]
 [ 0.05199083  0.12862474]
 [ 0.26114608  0.04449493]
 [ 0.26392997  0.07090794]
 [ 0.18637255  0.11754048]
 [ 0.22245029  0.02960015]
 [ 0.13471146  0.05352558]
 [ 0.13931476  0.13467281]
 [ 0.25926515  0.11085509]
 [ 0.35926464  0.09969747]
 [ 0.04127969  0.09993769]
 [ 0.26141185  0.13696293]
 [ 0.17609413  0.03001788]
 [ 0.16315804  0.08120391]
 [ 0.14237966  0.10369529]
 [ 0.23428308  0.09925002]
 [ 0.12818334  0.01839204]
 [ 0.2870131   0.10721397]
 [ 0.20805221  0.06926845]
 [ 0.2872096   0.01302724]
 [ 0.08094901  0.06148073]
 [ 0.32353304  0.06331629]
 [ 0.2938982   0.03996394]
 [ 0.23323701  0.07336786]
 [ 0.31390339  0.01507344]
 [ 0.13451482  0.03181862]
 [ 0.23418542  0.04723262]
 [ 0.05145935  0.07710201]
 [ 0.35125148  0.07526078]
 [ 0.34832814  0.11107196]
 [ 0.05330009  0.11040067]
 [ 0.11348723  0.10820236]
 [ 0.18915818  0.08935064]
 [ 0.17840966  0.09809313]
 [ 0.17687307  0.11790136]
 [ 0.06841827  0.04426844]
 [ 0.32657783  0.04814157]
 [ 0.01914235  0.10746419]
 [ 0.38110382  0.10724732]
 [ 0.24715757  0.05860402]
 [ 0.24641639  0.08581482]
 [ 0.15773392  0.0680624 ]
 [ 0.20346394  0.10081407]
 [ 0.10203488  0.01421617]
 [ 0.24657336  0.11186075]
 [ 0.11188569  0.0793287 ]
 [ 0.21129111  0.04984039]
 [ 0.17319104  0.05562178]
 [ 0.01576273  0.06919438]
 [ 0.38387734  0.06964663]
 [ 0.19895266  0.06519286]
 [ 0.22232446  0.08771968]
 [ 0.04450195  0.06084879]
 [ 0.3616514   0.06311369]
 [ 0.09976733  0.04480146]
 [ 0.27623471  0.13625029]
 [ 0.07860426  0.13288008]
 [ 0.28901595  0.07252335]
 [ 0.0777963   0.01586326]
 [ 0.12051969  0.13793642]
 [ 0.15119595  0.08836031]
 [ 0.33421031  0.13615946]
 [ 0.07578602  0.08028448]
 [ 0.32131864  0.07698915]
 [ 0.09710445  0.09538033]
 [ 0.23439032  0.12302583]
 [ 0.24753675  0.04529931]
 [ 0.16390842  0.04362854]
 [ 0.3194231   0.10675886]
 [ 0.08577571  0.11335496]
 [ 0.17162151  0.10592543]
 [ 0.38315693  0.03440484]
 [ 0.01666272  0.03438602]
 [ 0.16569386  0.02710074]
 [ 0.18747433  0.04305977]
 [ 0.33040267  0.01711173]
 [ 0.09759552  0.06206378]
 [ 0.13739701  0.08425638]
 [ 0.36460496  0.13669028]
 [ 0.0365059   0.13731989]
 [ 0.31293137  0.02985366]
 [ 0.25475814  0.01467421]
 [ 0.20431407  0.07898832]
 [ 0.15673761  0.11028002]
 [ 0.33607469  0.10865226]
 [ 0.06526197  0.10504389]
 [ 0.2214742   0.06041215]
 [ 0.1994462   0.03075653]
 [ 0.25124514  0.13755147]
 [ 0.12748058  0.10668904]
 [ 0.18381638  0.10698468]
 [ 0.30417231  0.06218849]
 [ 0.18292652  0.07105293]
 [ 0.08668535  0.02951543]
 [ 0.38372889  0.01766241]
 [ 0.01615512  0.0175894 ]
 [ 0.20259028  0.08953446]
 [ 0.37988762  0.08656594]
 [ 0.02042426  0.08661529]
 [ 0.30133078  0.08728083]
 [ 0.12837249  0.06711018]
 [ 0.2607003   0.0567351 ]
 [ 0.20687793  0.12001443]
 [ 0.27805914  0.06181632]
 [ 0.10071349  0.13522252]
 [ 0.23598398  0.02319853]
 [ 0.14945018  0.03364398]
 [ 0.23227424  0.14057129]
 [ 0.16407673  0.14165442]
 [ 0.1667135   0.00975566]
 [ 0.23247321  0.00884498]
 [ 0.30781311  0.13599655]
 [ 0.15461938  0.0143032 ]
 [ 0.14187558  0.11642235]
 [ 0.19960784  0.04163092]
 [ 0.17053839  0.07686012]
 [ 0.06790582  0.13809646]
 [ 0.15225734  0.13974573]
 [ 0.34139229  0.03500309]
 [ 0.06001587  0.02318855]
 [ 0.29811466  0.0135354 ]
 [ 0.25852473  0.09805388]
 [ 0.11403032  0.0633983 ]
 [ 0.32337483  0.13629512]
 [ 0.22418023  0.12123408]
 [ 0.26073703  0.12406313]
 [ 0.15483293  0.0428974 ]
 [ 0.02845219  0.02985838]
 [ 0.37109519  0.03081227]
 [ 0.16585472  0.12590532]
 [ 0.11954741  0.04358774]
 [ 0.214341    0.11061651]
 [ 0.36801662  0.01798043]
 [ 0.28368652  0.02256151]
 [ 0.06311922  0.07213531]
 [ 0.33244988  0.07758482]
 [ 0.05238814  0.04108609]
 [ 0.34620623  0.05014529]
 [ 0.26884715  0.08669542]
 [ 0.26455965  0.03183259]
 [ 0.10849931  0.1411659 ]
 [ 0.19599477  0.11511944]
 [ 0.140749    0.07222122]
 [ 0.39073356  0.1342966 ]
 [ 0.00928747  0.13425229]
 [ 0.16564686  0.03440466]
 [ 0.27276199  0.10908282]
 [ 0.10108608  0.1195436 ]
 [ 0.30477709  0.12157184]
 [ 0.15069696  0.05248274]
 [ 0.0881269   0.01471228]
 [ 0.22411174  0.11074154]
 [ 0.21135785  0.03005922]
 [ 0.23079893  0.02957492]
 [ 0.289473    0.12176919]
 [ 0.01326231  0.12183471]
 [ 0.38690082  0.12168312]
 [ 0.2220399   0.03875885]
 [ 0.16577337  0.13328199]
 [ 0.21346811  0.09991512]
 [ 0.21156692  0.08124341]
 [ 0.12552327  0.09386002]
 [ 0.1704384   0.09010483]
 [ 0.15577562  0.02507763]
 [ 0.18753286  0.03112757]
 [ 0.14192008  0.01427316]
 [ 0.03609948  0.08235099]
 [ 0.36502468  0.08213466]
 [ 0.23346286  0.13314442]
 [ 0.27429136  0.04672077]
 [ 0.20329023  0.05877157]
 [ 0.10081225  0.0287163 ]
 [ 0.23323587  0.01306391]
 [ 0.11245754  0.01390649]]

Element degree of freedom,edof:

[[363 364 167 ..., 502 255 256]
 [329 330 623 ...,  50   7   8]
 [497 498 347 ..., 546 185 186]
 ..., 
 [103 104 533 ..., 102  15  16]
 [111 112  21 ..., 114 535 536]
 [399 400 237 ..., 366 193 194]]

Degree of freedom, dof:

[[  1   2]
 [  3   4]
 [  5   6]
 [  7   8]
 [  9  10]
 [ 11  12]
 [ 13  14]
 [ 15  16]
 [ 17  18]
 [ 19  20]
 [ 21  22]
 [ 23  24]
 [ 25  26]
 [ 27  28]
 [ 29  30]
 [ 31  32]
 [ 33  34]
 [ 35  36]
 [ 37  38]
 [ 39  40]
 [ 41  42]
 [ 43  44]
 [ 45  46]
 [ 47  48]
 [ 49  50]
 [ 51  52]
 [ 53  54]
 [ 55  56]
 [ 57  58]
 [ 59  60]
 [ 61  62]
 [ 63  64]
 [ 65  66]
 [ 67  68]
 [ 69  70]
 [ 71  72]
 [ 73  74]
 [ 75  76]
 [ 77  78]
 [ 79  80]
 [ 81  82]
 [ 83  84]
 [ 85  86]
 [ 87  88]
 [ 89  90]
 [ 91  92]
 [ 93  94]
 [ 95  96]
 [ 97  98]
 [ 99 100]
 [101 102]
 [103 104]
 [105 106]
 [107 108]
 [109 110]
 [111 112]
 [113 114]
 [115 116]
 [117 118]
 [119 120]
 [121 122]
 [123 124]
 [125 126]
 [127 128]
 [129 130]
 [131 132]
 [133 134]
 [135 136]
 [137 138]
 [139 140]
 [141 142]
 [143 144]
 [145 146]
 [147 148]
 [149 150]
 [151 152]
 [153 154]
 [155 156]
 [157 158]
 [159 160]
 [161 162]
 [163 164]
 [165 166]
 [167 168]
 [169 170]
 [171 172]
 [173 174]
 [175 176]
 [177 178]
 [179 180]
 [181 182]
 [183 184]
 [185 186]
 [187 188]
 [189 190]
 [191 192]
 [193 194]
 [195 196]
 [197 198]
 [199 200]
 [201 202]
 [203 204]
 [205 206]
 [207 208]
 [209 210]
 [211 212]
 [213 214]
 [215 216]
 [217 218]
 [219 220]
 [221 222]
 [223 224]
 [225 226]
 [227 228]
 [229 230]
 [231 232]
 [233 234]
 [235 236]
 [237 238]
 [239 240]
 [241 242]
 [243 244]
 [245 246]
 [247 248]
 [249 250]
 [251 252]
 [253 254]
 [255 256]
 [257 258]
 [259 260]
 [261 262]
 [263 264]
 [265 266]
 [267 268]
 [269 270]
 [271 272]
 [273 274]
 [275 276]
 [277 278]
 [279 280]
 [281 282]
 [283 284]
 [285 286]
 [287 288]
 [289 290]
 [291 292]
 [293 294]
 [295 296]
 [297 298]
 [299 300]
 [301 302]
 [303 304]
 [305 306]
 [307 308]
 [309 310]
 [311 312]
 [313 314]
 [315 316]
 [317 318]
 [319 320]
 [321 322]
 [323 324]
 [325 326]
 [327 328]
 [329 330]
 [331 332]
 [333 334]
 [335 336]
 [337 338]
 [339 340]
 [341 342]
 [343 344]
 [345 346]
 [347 348]
 [349 350]
 [351 352]
 [353 354]
 [355 356]
 [357 358]
 [359 360]
 [361 362]
 [363 364]
 [365 366]
 [367 368]
 [369 370]
 [371 372]
 [373 374]
 [375 376]
 [377 378]
 [379 380]
 [381 382]
 [383 384]
 [385 386]
 [387 388]
 [389 390]
 [391 392]
 [393 394]
 [395 396]
 [397 398]
 [399 400]
 [401 402]
 [403 404]
 [405 406]
 [407 408]
 [409 410]
 [411 412]
 [413 414]
 [415 416]
 [417 418]
 [419 420]
 [421 422]
 [423 424]
 [425 426]
 [427 428]
 [429 430]
 [431 432]
 [433 434]
 [435 436]
 [437 438]
 [439 440]
 [441 442]
 [443 444]
 [445 446]
 [447 448]
 [449 450]
 [451 452]
 [453 454]
 [455 456]
 [457 458]
 [459 460]
 [461 462]
 [463 464]
 [465 466]
 [467 468]
 [469 470]
 [471 472]
 [473 474]
 [475 476]
 [477 478]
 [479 480]
 [481 482]
 [483 484]
 [485 486]
 [487 488]
 [489 490]
 [491 492]
 [493 494]
 [495 496]
 [497 498]
 [499 500]
 [501 502]
 [503 504]
 [505 506]
 [507 508]
 [509 510]
 [511 512]
 [513 514]
 [515 516]
 [517 518]
 [519 520]
 [521 522]
 [523 524]
 [525 526]
 [527 528]
 [529 530]
 [531 532]
 [533 534]
 [535 536]
 [537 538]
 [539 540]
 [541 542]
 [543 544]
 [545 546]
 [547 548]
 [549 550]
 [551 552]
 [553 554]
 [555 556]
 [557 558]
 [559 560]
 [561 562]
 [563 564]
 [565 566]
 [567 568]
 [569 570]
 [571 572]
 [573 574]
 [575 576]
 [577 578]
 [579 580]
 [581 582]
 [583 584]
 [585 586]
 [587 588]
 [589 590]
 [591 592]
 [593 594]
 [595 596]
 [597 598]
 [599 600]
 [601 602]
 [603 604]
 [605 606]
 [607 608]
 [609 610]
 [611 612]
 [613 614]
 [615 616]
 [617 618]
 [619 620]
 [621 622]
 [623 624]
 [625 626]
 [627 628]
 [629 630]
 [631 632]
 [633 634]
 [635 636]
 [637 638]
 [639 640]
 [641 642]
 [643 644]
 [645 646]
 [647 648]
 [649 650]
 [651 652]
 [653 654]
 [655 656]
 [657 658]
 [659 660]
 [661 662]
 [663 664]
 [665 666]]


-------------- Model output ----------------------------------

The size of the magnification factor used for the visual results of nodal displacements:

1000

Nodal displacements, elementwise:

[[  1.04849901e-05   4.76190478e-07   1.09932438e-05 ...,   1.84425440e-07
    1.01991622e-05   3.31487507e-07]
 [  7.99649439e-06   3.16001781e-07   7.49234813e-06 ...,   4.85903484e-07
    8.45529191e-06   3.85682122e-07]
 [  4.11029268e-06  -4.78698217e-07   4.68446402e-06 ...,  -6.01498119e-07
    4.13651525e-06  -6.67131106e-07]
 ..., 
 [  9.24477685e-06  -2.63745484e-07   9.24938146e-06 ...,  -8.12084335e-07
    9.57250505e-06  -3.07428485e-07]
 [  4.60406936e-06  -3.45312016e-07   4.27168593e-06 ...,  -8.35619742e-07
    4.50921667e-06  -6.77900975e-07]
 [  8.61973730e-06  -1.12873340e-07   8.13351009e-06 ...,   2.77465258e-08
    8.61334551e-06   4.79973382e-08]]

Max Von Mises stress (Pa):

1183665.60522

Min Von Mises stress (Pa):

26617.7809835

Max Nodal displacement (m):

1.50222827831e-05

Min Nodal displacement (m):

0.0

